DIV 7-10 

0
0
0
0
0
8.3070e-07
3.1789e-07
1.5725e-06
5.0157e-06
5.0339e-06
9.1488e-06
1.4903e-05
2.1988e-05
3.2332e-05
4.1982e-05
4.5649e-05
7.4592e-05
8.4142e-05
1.1016e-04
1.4171e-04
1.5382e-04
1.9169e-04
2.1252e-04
2.6642e-04
3.1480e-04
3.5106e-04
4.0926e-04
5.0920e-04
6.1263e-04
7.0387e-04
8.6677e-04 

DIV 11-15 

0
0
0
1.5228e-07
0
1.7769e-06
2.0797e-06
2.9385e-06
6.0709e-06
7.0997e-06
9.0195e-06
9.6380e-06
1.6271e-05
2.0267e-05
2.0212e-05
2.6917e-05
3.3128e-05
4.1186e-05
4.2215e-05
5.1398e-05
6.1195e-05
7.5141e-05
8.1884e-05
9.7678e-05
1.2171e-04
1.4194e-04
1.8352e-04
2.3972e-04
3.0224e-04
3.6849e-04
4.5863e-04

DIV 16-20 

0
0
0
0
0
0
1.2917e-06
2.8417e-06
9.5584e-06
1.6391e-05
2.1038e-05
3.1560e-05
4.0729e-05
5.4933e-05
7.1797e-05
8.9205e-05
1.1170e-04
1.1928e-04
1.5614e-04
1.4558e-04
1.6939e-04
2.0397e-04
2.2996e-04
2.3839e-04
2.7141e-04
2.9646e-04
3.2307e-04
3.5651e-04
3.7451e-04
4.5042e-04
5.4151e-04

DIV 21-25 

0
0
0
0
0
5.9199e-07
2.4745e-06
4.0642e-06
9.9007e-06
1.3343e-05
2.5168e-05
3.4216e-05
5.5948e-05
5.2113e-05
6.1794e-05
8.0720e-05
8.7887e-05
1.0346e-04
1.0150e-04
1.0912e-04
1.3783e-04
1.5142e-04
1.7865e-04
1.7480e-04
2.4133e-04
2.6140e-04
3.2697e-04
4.1424e-04
4.7854e-04
5.6423e-04
6.5200e-04