DIV 7-10 

0
0
0
0
0.000000692041522
0.000001239125782
0.000001239125782
0.000001301691894
0.000004755287372
0.000005313882979
0.000012321558235
0.000012083399106
0.000014279658553
0.000014706646621
0.000021112346859
0.000035777399771
0.000029863238248
0.000034382652625
0.000065817528593
0.000066314294559
0.000091921087544
0.000102815841399
0.000123808792224
0.000155732691017
0.000183728807799
0.000218387890736
0.000262198143436
0.000320852325330
0.000432550659257
0.000566103510512
0.000656895633171
0.000808388303882
0.001055937712154
0.001389767614092
0.001792565602383
0.002445054927691
0.003364446013341
0.004776520731783
0.006928681381762
0.010345626148650
0.015847764202592
0.021894506394832
0.025619069596010
0.026290251324358
0.025594473544170
0.024906598985336
0.024080567742824
0.023156084928494
0.022388894883557
0.021065990716822
0.019575990573400
0.018179889553819
0.017163483905290
0.015777213970802
0.014996949126879
0.013879397254040
0.012725393860031
0.011903286886009
0.011309966206384
0.010739463451277
0.010048331505126
0.009689175983405
0.008879699498632
0.008108249053856
0.007503169363154
0.006839219606742
0.006258326667891
0.005508426228774
0.004855656158478
0.004260682446479
0.003623708825737
0.002983483530691
0.002176031047640
0.001330897050098
0.000668525055572
0.000284469232722
0.000111318258320
0.000024099455147
0.000008692987660
0.000000692041522

DIV 11-15 

0
0
0
0
2.0233e-07
5.2046e-07
3.7000e-07
1.5019e-06
3.0899e-06
3.6987e-06
6.0690e-06
7.9223e-06
1.3515e-05
1.7405e-05
2.0614e-05
2.6640e-05
3.7416e-05
4.3509e-05
5.3447e-05
6.6834e-05
8.3200e-05
1.1020e-04
1.3975e-04
1.6345e-04
2.0386e-04
2.4487e-04
2.9252e-04
3.7127e-04
4.3773e-04
5.2719e-04
6.5645e-04

DIV 16-20 

0
0
0
0
0
2.4846e-07
0
0
4.9691e-07
4.9691e-07
1.1718e-06
2.3416e-06
2.3036e-06
5.3919e-06
8.8584e-06
1.2791e-05
1.6895e-05
2.2740e-05
2.4086e-05
3.6827e-05
4.1348e-05
5.0003e-05
6.8654e-05
9.1895e-05
1.0372e-04
1.4002e-04
1.6003e-04
2.1994e-04
2.3704e-04
3.0523e-04
3.5965e-04

DIV 21-25 

0
0
0
0
0
0
0
0
0
0
0.0000
0.0000
0.0000
0.0000
0.0000
0.0000
0.0000
0.0001
0.0000
0.0001
0.0001
0.0001
0.0002
0.0002
0.0003
0.0004
0.0005
0.0006
0.0008
0.0010
0.0014